61	104	180	229
102	104	153	166
78	90	92	108
29	75	123	126
64	151	192	203
61	150	176	203
148	165	223	313
45	157	190	227
122	195	220	235
74	118	132	152
56	142	176	207
66	75	114	122
56	134	159	233
131	175	185	221
153	313	320	384
74	117	123	202
29	66	97	144
61	90	185	192
169	174	274	332
61	102	224	229
131	132	190	196
256	266	277	319
120	183	272	285
122	126	131	187
165	217	223	279
162	217	274	308
151	155	173	175
36	149	157	179
229	229	247	296
29	44	188	198
169	220	268	280
90	150	186	208
150	193	243	286
175	196	216	258
134	168	176	196
36	125	169	190
120	258	270	393
78	142	159	168
174	217	280	304
128	150	176	188
167	231	293	296
125	149	210	233
109	122	126	186
162	267	287	343
78	137	207	233
91	122	122	185
183	185	200	234
66	97	114	126
72	130	167	322
150	250	265	274
89	130	266	278
47	99	206	223
91	109	187	275
151	156	157	165
47	134	164	217
216	268	305	370
153	204	306	316
99	134	158	235
72	89	231	282
20	78	158	167
169	184	185	194
137	211	277	288
70	95	182	186
66	99	134	140
69	70	120	133
239	361	409	413
20	92	178	182
93	183	242	245
93	165	235	238
129	164	210	249
200	249	270	285
179	230	267	291
104	243	254	274
165	231	257	282
92	183	253	346
128	155	164	206
57	134	153	190
127	129	255	262
41	61	180	192
41	73	183	217
78	149	158	217
10	156	171	189
69	90	95	101
29	49	67	114
216	253	269	278
126	140	179	287
10	157	162	180
99	159	161	179
29	57	77	120
184	249	287	289
195	245	286	290
92	106	210	345
210	239	253	276
61	73	119	146
20	49	57	101
57	140	148	171
104	190	246	274
161	230	230	279
78	114	197	235
20	67	77	90
127	164	189	205
114	149	278	281
106	128	201	287
85	96	117	152
106	155	197	217
16	126	240	280
89	157	183	200
16	140	225	279
58	138	201	249
100	117	132	161
106	183	276	302
157	216	281	284
89	112	146	192
67	201	256	268
113	143	222	228
79	85	154	182
165	180	189	195
58	190	198	204
67	138	190	280
58	87	166	190
67	264	274	311
95	140	140	209
95	99	202	219
229	231	289	352
29	58	117	182
29	87	96	154
42	55	161	184
157	235	236	242
100	115	120	122
13	158	266	280
112	119	180	183
42	61	119	143
107	161	238	284
238	279	300	319
126	164	225	237
41	61	101	253
67	249	272	304
13	148	252	268
55	61	165	171
148	158	159	253
20	41	137	250
101	137	157	293
184	202	241	318
20	61	157	241
79	152	188	191
107	178	230	296
94	114	117	177
54	119	161	165
140	190	199	214
157	168	197	269
147	201	237	265
99	107	140	152
195	240	258	262
143	153	153	161
54	143	171	184
300	302	303	327
41	60	87	97
131	162	171	195
178	235	238	246
174	215	226	247
38	126	223	268
20	94	96	119
133	204	288	313
211	243	243	262
46	107	190	194
20	80	104	114
24	41	62	86
197	200	209	216
24	60	75	80
38	164	187	246
147	205	217	256
160	196	252	302
113	129	153	172
159	370	375	382
46	152	161	183
169	194	229	331
159	309	437	443
123	160	174	205
44	157	213	253
106	168	188	209
178	183	241	250
211	229	280	284
35	62	75	87
170	191	193	264
35	86	97	103
168	296	306	330
61	96	140	187
44	134	242	293
28	48	161	191
131	223	227	274
28	30	168	186
194	215	255	287
59	61	79	238
130	188	204	225
32	170	224	227
159	178	211	221
268	280	307	308
103	122	129	175
30	48	182	183
119	174	178	188
190	225	239	247
144	196	237	263
79	97	140	224
106	130	220	269
79	185	246	268
146	221	243	320
105	158	183	204
32	193	213	226
91	123	234	252
144	168	200	269
55	153	172	186
59	96	97	194
91	167	174	217
55	129	161	222
84	101	229	320
241	277	290	306
169	255	281	292
159	183	278	294
79	202	244	246
168	250	285	289
163	168	181	182
101	108	243	316
134	157	219	290
133	260	313	319
130	144	159	165
84	108	280	328
146	211	271	278
103	185	202	224
103	119	140	145
103	167	234	276
64	136	149	190
98	99	194	224
128	198	285	309
146	168	237	296
86	163	181	293
86	158	181	328
132	215	292	299
223	258	276	303
107	165	178	316
97	145	145	148
104	105	148	192
8	99	146	195
133	149	171	177
8	98	141	193
107	219	219	274
64	112	133	157
132	219	287	329
148	312	342	414
112	136	142	209
195	271	294	328
247	266	278	312
71	130	148	158
201	230	304	315
152	159	218	237
70	128	205	278
79	124	281	333
48	62	119	145
158	181	225	273
62	93	97	120
146	172	199	242
29	155	165	219
72	141	146	160
72	93	159	193
29	137	178	219
70	186	198	266
74	103	137	192
237	241	246	293
122	128	230	238
73	242	244	265
122	198	202	225
142	153	214	233
48	93	163	181
53	79	290	360
132	144	166	190
148	278	293	333
76	124	157	171
93	143	152	160
73	169	192	307
74	139	164	185
49	76	137	177
170	195	258	258
171	207	284	317
138	175	274	293
49	103	124	139
149	244	276	289
53	124	306	391
172	197	205	235
186	205	285	290
96	104	165	175
39	169	200	202
174	182	188	197
149	273	357	381
71	108	152	165
120	148	174	181
92	115	153	191
137	155	158	313
157	246	258	328
243	247	278	342
149	225	309	320
66	118	184	201
39	165	184	192
51	102	119	132
143	160	181	202
93	170	203	239
108	198	199	205
197	207	207	221
39	138	234	342
122	126	151	171
157	241	255	383
66	110	204	230
78	115	203	208
39	175	194	326
110	219	232	271
78	92	128	214
158	198	287	295
139	171	221	288
164	173	194	198
104	118	154	181
93	112	147	258
84	144	259	266
73	176	196	259
51	75	80	104
80	104	122	189
125	132	183	260
32	126	176	179
108	174	235	237
110	118	165	200
96	152	155	182
112	126	243	278
84	189	204	264
118	160	208	223
139	155	218	276
32	144	149	151
128	191	203	207
149	232	322	346
80	154	154	171
29	30	75	102
73	156	184	198
18	126	211	287
18	112	206	305
39	112	203	208
194	210	234	306
68	178	320	370
122	144	176	184
103	108	155	179
39	147	180	213
110	208	215	255
211	255	307	335
30	35	104	132
148	184	207	207
198	313	351	378
29	35	80	119
33	180	195	208
103	132	165	177
88	155	177	182
193	205	256	275
33	166	207	213
173	173	248	278
68	157	386	406
79	241	254	277
79	242	251	268
56	138	140	149
56	97	144	170
174	196	266	274
91	105	216	262
122	156	173	196
88	97	114	130
117	134	142	148
121	123	205	223
33	265	283	365
185	210	264	287
44	153	166	191
149	214	236	242
76	97	120	130
44	118	190	193
121	123	138	177
157	178	302	344
33	231	256	360
206	211	225	243
211	290	309	325
173	226	227	345
101	137	140	207
10	73	125	163
173	198	271	289
10	74	132	157
50	76	114	170
50	97	120	185
38	61	142	184
74	217	229	282
237	264	275	283
26	61	117	209
26	38	134	201
26	91	145	275
114	193	231	267
26	105	120	255
123	123	261	298
149	153	170	200
187	189	209	226
118	150	153	233
222	289	300	303
39	51	101	189
73	74	114	166
87	114	199	206
122	185	291	302
170	177	231	270
87	150	169	190
120	145	205	215
243	264	347	401
227	248	258	263
159	230	339	339
74	181	211	235
23	39	137	187
156	231	233	265
232	258	283	300
23	51	140	209
122	207	225	228
100	170	207	261
177	225	264	314
235	272	283	343
128	145	196	201
91	136	282	287
150	156	171	234
20	145	153	236
20	128	170	243
106	126	176	227
198	228	230	257
189	206	211	225
116	192	200	284
153	185	197	208
100	163	219	225
93	109	111	187
155	156	169	186
42	109	192	201
186	192	266	305
54	91	251	254
128	149	242	347
22	142	285	291
93	98	178	192
42	111	178	221
88	146	204	234
22	131	281	303
58	88	171	265
33	128	247	249
58	146	150	214
138	186	210	233
98	121	183	187
54	136	203	204
130	140	181	229
126	149	233	243
186	193	255	303
177	194	230	268
33	149	217	230
144	257	269	294
76	155	189	208
155	165	185	228
58	114	157	163
207	293	308	340
131	142	165	275
140	222	256	297
102	195	207	231
61	141	177	184
76	156	193	261
63	163	185	261
102	153	205	218
121	168	196	214
144	153	206	244
130	211	256	272
107	126	178	200
91	107	195	205
204	208	211	270
61	103	124	189
195	273	280	295
63	155	219	307
183	216	223	224
115	165	192	195
85	106	149	278
158	210	214	223
138	158	195	209
190	280	292	310
67	103	259	266
58	166	194	202
60	147	221	251
124	138	184	228
57	117	129	153
142	177	189	219
67	113	224	240
217	223	226	234
57	121	122	165
176	230	234	242
103	138	141	142
13	182	203	205
159	188	222	261
42	141	168	183
13	192	204	218
91	150	178	213
101	190	209	218
115	166	209	215
105	221	222	225
98	183	195	250
85	176	233	278
141	153	182	192
101	109	117	162
42	112	156	196
74	119	126	195
23	117	121	163
194	295	304	319
69	185	223	293
116	117	134	159
23	122	129	182
72	99	233	279
222	228	228	265
21	79	102	117
49	163	182	223
21	67	109	116
141	231	249	293
27	72	261	262
94	101	112	141
103	113	177	244
105	222	226	242
49	212	226	230
102	116	120	194
94	109	165	179
27	99	238	272
69	134	261	263
98	168	193	197
134	178	183	185
74	88	188	200
26	52	116	140
167	176	194	250
98	166	189	212
117	155	157	165
218	222	230	273
18	245	294	309
18	231	293	296
67	79	120	162
26	27	126	134
175	321	335	346
182	225	240	297
27	52	110	159
88	119	211	213
96	101	149	156
98	171	253	256
100	150	218	240
124	140	147	206
114	183	277	312
110	126	140	233
133	142	194	243
86	113	116	230
100	109	149	150
109	112	115	119
115	179	197	230
130	131	159	206
114	178	272	306
88	96	100	164
104	181	190	225
60	140	162	201
194	230	283	305
90	167	242	315
117	130	152	166
231	245	250	253
182	357	360	408
97	238	262	323
109	113	131	145
100	104	126	249
112	126	131	225
100	173	176	224
211	234	243	246
82	113	188	192
55	65	114	119
112	142	145	201
153	175	245	320
88	169	169	211
93	177	224	225
65	115	224	241
90	160	250	319
54	90	111	250
97	293	317	327
10	55	67	85
218	269	294	319
94	138	142	212
10	59	65	75
36	253	272	293
54	131	161	218
44	111	161	241
128	289	320	320
50	117	134	173
80	142	206	207
124	230	255	255
102	126	134	159
36	236	250	317
37	100	181	248
44	90	131	237
65	179	228	232
18	60	69	76
50	102	152	199
37	126	190	272
18	46	55	71
157	173	199	248
46	50	59	60
57	94	145	174
80	133	160	180
62	133	183	217
196	218	275	292
160	241	242	262
62	94	122	226
236	303	316	329
98	132	149	264
34	54	55	68
57	128	138	198
24	50	54	76
72	116	224	246
24	34	60	71
93	168	242	244
98	146	226	276
119	154	177	189
72	133	173	220
128	184	323	348
82	86	197	200
48	176	233	247
109	122	138	183
7	18	68	78
7	18	67	71
153	168	205	267
119	147	170	206
217	219	236	248
148	196	242	281
109	226	244	284
18	18	51	84
119	125	146	204
133	134	141	152
205	245	249	334
94	133	138	219
128	169	174	177
128	149	169	174
187	211	235	276
48	224	268	278
225	233	237	240
157	161	163	166
128	132	136	146
286	294	306	344
51	67	68	78
13	151	176	177
13	145	168	187
184	215	224	236
120	153	154	169
39	120	147	177
176	187	226	243
39	153	170	204
89	185	187	246
31	57	117	160
146	187	249	285
238	270	296	298
117	117	136	169
116	133	143	166
80	118	215	230
78	124	135	141
49	156	166	174
49	118	136	191
148	168	220	250
92	117	144	177
59	118	168	177
89	172	175	177
12	14	17	25
12	23	25	25
59	72	145	151
22	25	34	38
106	173	211	235
12	12	14	25
101	168	249	320
52	112	226	252
12	13	17	23
12	13	22	25
69	123	147	162
116	162	206	231
27	31	89	150
118	152	166	180
52	100	263	276
21	25	29	33
60	187	224	309
44	141	162	210
250	261	273	288
21	26	31	39
44	106	191	202
60	146	188	314
226	238	288	297
45	48	48	72
80	97	201	208
162	202	240	265
72	118	200	203
69	106	123	246
26	45	45	56
32	179	250	261
97	115	118	290
116	150	151	166
92	92	105	117
27	57	62	151
69	69	173	209
94	97	105	107
32	202	241	282
81	92	136	138
100	112	192	212
105	166	204	232
137	238	240	301
101	267	334	355
59	135	143	182
115	208	230	249
104	106	141	265
124	166	211	215
105	144	171	219
156	166	188	206
201	224	238	257
77	106	152	158
59	145	149	189
59	81	167	189
110	143	192	235
126	137	148	161
133	143	146	160
62	89	117	133
195	223	238	276
68	106	116	219
30	54	140	145
105	188	218	238
59	138	201	203
68	77	82	224
104	191	210	262
188	206	224	285
151	170	226	287
130	137	165	269
54	73	109	110
30	73	133	142
89	156	250	270
128	170	210	215
89	212	231	240
39	142	151	192
39	128	177	188
128	151	165	183
177	212	216	220
138	143	161	189
82	116	158	240
124	143	146	182
11	126	138	182
11	137	143	174
206	262	275	309
162	179	202	240
110	126	139	152
95	99	208	240
95	181	229	272
130	155	225	240
185	195	201	261
85	145	170	181
151	186	220	223
145	155	165	174
257	269	272	305
125	185	188	193
47	138	162	185
26	96	121	129
109	115	129	136
99	156	181	188
45	187	238	318
148	194	194	225
128	142	154	163
145	272	279	309
26	80	95	136
87	105	154	157
37	52	105	167
45	149	275	283
115	177	210	236
19	85	105	109
52	78	157	159
19	98	104	105
113	185	223	285
85	121	133	151
80	87	92	96
37	78	87	145
294	303	386	400
150	176	197	206
155	186	203	226
86	168	174	211
102	143	199	211
52	70	83	89
87	95	95	121
88	218	335	336
93	185	197	225
20	47	126	133
23	34	70	81
20	60	121	139
147	149	187	311
34	43	51	52
23	43	78	82
38	98	107	108
35	73	108	119
47	60	152	180
113	212	298	303
122	156	208	229
64	72	148	227
38	73	73	100
145	151	292	323
129	222	222	225
161	163	207	231
92	95	158	180
93	108	214	265
157	177	251	278
151	170	243	259
86	182	199	205
102	202	203	239
74	85	97	98
35	73	86	112
21	51	78	81
122	188	193	200
20	49	53	107
264	292	326	358
47	53	85	86
21	66	82	83
156	214	216	251
133	145	159	167
88	145	287	320
20	40	47	102
12	64	184	194
12	72	173	194
60	76	107	109
90	105	110	120
38	56	62	94
40	49	76	85
173	184	210	227
20	38	85	127
43	61	62	62
29	62	85	86
47	92	171	195
20	56	94	146
127	133	154	178
50	74	77	90
62	83	85	94
32	119	191	193
29	67	68	74
27	36	56	58
112	150	157	300
27	34	36	39
60	99	139	144
151	189	254	279
55	115	119	127
172	174	191	290
32	146	161	171
9	34	38	56
34	36	36	38
55	78	93	94
9	34	39	58
145	186	218	293
147	242	275	318
112	115	177	192
85	98	155	202
63	98	156	215
62	157	320	355
213	229	241	242
50	57	97	127
78	81	90	93
101	152	209	230
199	303	323	331
177	231	282	289
50	101	167	231
50	152	169	228
102	210	240	272
62	112	287	336
154	157	161	165
49	68	71	90
63	64	156	216
128	129	189	222
144	163	212	214
57	77	110	146
115	150	236	278
64	98	144	192
20	23	49	107
38	139	142	149
19	149	172	219
167	174	184	185
149	152	174	228
166	177	191	206
8	23	71	108
8	20	68	115
19	152	191	202
27	98	166	182
27	85	169	175
38	102	105	157
231	264	327	360
90	132	189	219
242	311	322	337
102	178	224	294
114	116	259	274
121	152	181	214
186	200	322	326
167	234	241	250
220	237	250	294
134	163	213	237
111	279	315	327
112	157	288	306
116	120	214	239
167	169	207	209
90	130	174	178
171	191	228	233
46	102	139	161
132	178	231	273
144	156	173	195
46	105	142	147
82	184	209	223
144	152	173	187
44	64	123	130
122	222	223	236
28	44	110	111
74	136	173	207
171	225	242	255
78	162	224	246
78	116	284	294
95	100	132	191
65	121	128	189
28	64	84	88
104	111	132	184
199	220	303	307
114	120	254	257
95	160	214	221
82	150	244	259
184	200	263	293
128	193	195	225
76	81	195	204
65	120	181	210
178	210	246	279
134	141	160	173
62	74	186	187
15	103	141	188
189	193	247	316
15	88	134	174
87	144	147	173
100	104	160	161
105	120	134	141
87	111	161	182
105	122	163	192
22	68	88	111
181	198	249	279
22	60	84	110
76	104	145	146
61	140	163	166
81	104	144	186
62	126	136	160
116	162	248	265
61	105	175	175
146	150	167	192
75	161	180	220
75	163	210	247
87	88	103	105
108	166	185	251
60	68	144	171
103	120	128	193
154	179	187	197
124	154	196	210
103	118	149	184
92	138	148	161
170	188	247	253
154	160	168	178
68	87	120	174
141	185	187	213
48	131	206	237
254	263	288	302
53	118	160	187
111	232	249	288
51	110	188	231
74	102	105	126
37	206	237	319
77	109	180	198
56	102	203	227
110	122	131	139
143	184	186	254
85	124	145	167
37	172	250	303
48	122	163	230
68	122	176	186
51	139	170	249
210	242	307	340
102	149	183	222
56	149	150	195
53	149	176	180
140	175	257	274
35	36	74	140
79	91	101	124
121	189	192	208
199	210	256	261
87	109	121	214
35	45	105	107
94	225	233	237
77	87	174	181
161	163	174	198
15	109	154	179
36	45	102	129
15	98	168	187
94	152	229	242
45	85	210	227
96	237	254	298
141	166	186	186
15	79	80	146
45	124	189	226
15	74	91	131
54	171	213	362
97	107	129	140
162	195	198	222
74	80	83	101
102	158	168	176
133	168	184	193
232	240	242	261
84	143	206	233
98	106	109	149
158	175	190	193
67	163	177	206
61	88	108	111
152	219	237	308
54	57	69	111
96	219	231	292
84	186	195	217
97	106	125	193
39	83	90	100
28	48	61	69
54	225	229	407
80	119	133	182
120	157	162	213
20	28	54	88
69	79	121	133
89	102	107	134
132	181	214	228
172	206	268	301
67	180	230	272
39	59	82	106
59	90	120	124
20	48	57	100
33	53	69	119
81	150	203	225
128	137	171	213
97	100	118	228
41	60	143	147
152	219	227	229
177	180	241	270
53	54	80	117
148	195	235	255
74	89	120	144
33	54	79	106
98	148	178	211
183	235	246	264
82	100	124	182
41	51	120	137
125	139	160	172
59	59	116	150
120	146	186	195
102	110	126	143
51	60	90	102
73	118	137	169
168	198	202	206
88	92	107	120
159	172	214	228
99	152	193	194
81	114	137	157
100	109	174	198
210	251	263	284
13	100	118	140
74	76	92	103
98	150	181	253
73	97	109	157
51	59	92	110
132	167	188	220
13	113	131	153
56	93	116	142
51	59	93	114
46	81	128	212
107	126	157	178
122	168	170	220
110	138	139	156
61	64	66	78
88	103	104	146
80	192	268	332
81	200	228	279
56	91	133	157
99	160	163	181
106	117	137	176
46	114	171	203
35	126	151	163
61	76	104	144
80	180	344	347
177	181	195	215
102	111	115	117
64	66	87	89
21	92	114	131
25	33	61	65
137	144	157	171
146	167	179	208
107	148	168	181
118	133	177	199
35	116	131	143
23	33	46	64
21	110	117	125
118	164	210	236
91	147	193	194
23	25	41	78
61	86	134	153
177	177	198	232
31	37	51	111
10	27	42	72
21	31	53	81
21	51	62	70
72	92	143	146
35	37	42	51
37	73	80	86
10	22	35	70
122	142	188	198
41	46	65	79
149	198	227	246
22	27	49	51
37	53	70	118
77	117	131	147
62	81	111	118
80	159	170	198
85	166	175	214
167	189	194	200
270	274	290	301
120	143	163	170
44	49	70	72
87	144	170	209
150	168	211	215
56	67	104	106
44	73	87	105
86	146	188	188
87	159	192	193
67	111	112	143
54	92	98	116
80	142	168	169
72	91	98	143
55	56	92	112
55	79	100	106
81	100	109	133
77	101	128	169
35	127	176	203
54	131	142	143
200	212	263	337
73	81	141	171
73	73	117	140
179	203	251	260
35	92	152	186
86	133	150	185
147	184	213	309
91	143	150	162
180	192	227	239
84	149	177	235
73	88	109	110
91	101	130	132
58	161	168	193
49	162	244	261
41	87	91	131
80	133	145	301
128	130	166	175
41	79	90	132
85	158	184	190
137	143	184	209
167	169	213	217
31	130	194	235
90	113	131	143
49	114	203	274
71	213	245	276
92	100	127	144
86	125	171	179
58	110	159	188
143	163	178	188
85	175	207	215
35	88	101	135
54	80	121	276
97	111	128	137
43	173	193	220
117	125	130	223
144	152	154	176
104	151	158	190
31	125	171	205
85	104	121	191
71	226	263	290
79	87	113	142
42	42	166	177
35	72	101	110
53	128	161	173
115	118	137	143
43	133	217	236
119	164	177	192
37	42	150	152
143	165	167	184
72	75	86	101
54	115	133	222
84	107	198	260
161	193	200	202
37	42	136	146
145	176	220	221
252	258	261	279
137	144	188	194
53	111	128	163
130	191	205	209
100	154	162	182
127	162	171	180
114	162	165	169
99	110	137	144
94	137	143	157
97	107	111	118
133	167	173	206
86	87	101	135
83	102	172	227
75	87	140	173
94	142	155	196
84	116	121	167
83	118	168	202
70	139	147	271
107	177	227	230
67	150	201	274
117	126	171	194
67	134	206	210
130	135	239	247
115	121	145	249
72	134	139	201
86	107	115	123
70	72	184	206
65	84	143	194
99	157	194	207
126	221	240	258
31	136	137	150
31	131	146	152
88	112	139	176
129	176	182	205
126	127	150	166
102	168	203	239
86	209	210	213
86	131	193	218
107	149	182	187
150	210	307	313
65	116	207	232
85	111	121	123
166	180	189	210
61	107	169	178
47	125	150	191
56	60	88	162
126	205	223	235
127	135	137	158
52	79	88	167
119	189	236	264
85	86	144	148
121	130	132	163
81	118	139	159
131	141	177	180
118	126	172	203
113	116	179	191
27	52	60	176
131	185	210	217
63	86	112	155
61	117	149	175
63	88	90	93
27	56	79	190
84	87	145	153
112	126	199	200
177	195	322	329
154	206	213	222
126	189	230	245
47	171	185	211
93	139	140	155
54	127	129	142
58	81	129	130
62	131	134	137
55	118	127	130
222	258	279	289
212	248	286	288
57	84	117	127
85	121	127	134
28	57	116	137
62	85	186	187
54	93	116	133
86	90	127	140
53	75	122	141
58	89	98	109
112	119	122	125
205	222	312	320
55	121	127	143
28	84	93	127
167	181	199	200
75	87	105	145
117	162	178	197
22	89	114	129
29	127	140	175
22	104	109	151
67	88	140	144
104	112	137	182
33	104	118	132
159	179	201	247
33	100	130	137
115	209	218	226
29	112	119	183
105	160	171	188
53	66	112	154
107	167	170	196
206	213	233	248
66	75	176	188
75	75	84	114
21	67	74	168
107	133	158	162
117	143	149	154
98	127	137	147
198	205	210	220
21	53	88	151
49	162	167	171
198	230	278	285
53	74	104	118
104	114	147	151
26	113	176	267
101	112	125	140
69	117	154	182
127	183	211	212
35	84	129	147
115	129	146	242
181	191	230	247
35	97	115	178
100	118	131	138
49	133	140	170
123	157	189	227
186	256	259	285
45	57	91	143
26	116	172	243
146	147	255	273
112	134	145	195
45	84	120	123
39	75	145	145
67	81	117	157
39	91	123	142
39	57	84	126
129	157	177	192
106	149	155	183
16	74	92	104
145	177	194	205
101	149	159	178
16	62	88	118
92	99	155	162
183	237	272	272
69	81	131	191
109	147	147	168
186	213	247	291
133	140	158	186
181	220	226	291
39	108	114	134
75	118	140	144
84	87	97	109
109	133	158	171
121	165	168	180
92	133	156	183
59	191	264	293
67	123	131	182
146	157	169	202
75	81	101	131
84	99	106	156
145	247	251	289
54	62	74	77
169	185	221	242
130	167	180	183
120	126	143	146
43	69	75	101
52	54	88	92
87	115	119	129
59	247	253	289
81	156	194	237
102	142	146	157
95	121	185	211
29	43	75	118
38	41	149	194
70	103	277	293
84	149	180	216
41	72	178	220
70	109	182	182
29	69	81	144
87	108	112	145
156	160	189	209
114	167	198	235
275	325	333	342
52	77	115	129
38	72	156	159
81	95	177	251
146	168	169	201
35	70	211	225
35	103	176	200
70	119	126	173
118	146	152	176
81	91	122	130
71	91	130	165
106	175	175	178
100	108	273	296
130	206	208	291
95	129	165	190
102	172	174	174
96	101	183	206
114	155	278	278
78	146	179	200
126	202	238	251
162	176	237	258
31	71	107	176
17	51	81	96
95	156	257	260
88	124	131	156
31	91	92	156
51	57	72	80
17	57	87	91
78	92	119	129
29	54	119	131
59	119	154	156
108	182	226	242
40	106	129	190
77	101	182	258
78	118	132	168
87	127	154	160
29	60	126	155
55	78	149	163
133	181	191	213
40	95	165	201
130	151	179	202
77	96	218	234
177	199	247	256
126	174	205	207
226	227	256	322
67	68	104	174
54	60	124	134
67	117	120	234
102	127	247	257
155	170	190	198
55	80	123	125
92	133	157	163
160	169	257	264
55	128	129	146
88	94	134	141
55	72	87	96
71	92	107	178
132	152	200	209
68	73	120	180
107	127	127	181
91	229	233	261
102	172	176	213
125	215	238	253
127	130	171	204
125	131	162	167
62	102	191	205
95	106	123	183
59	79	165	189
81	84	97	141
27	34	81	188
91	138	208	213
61	88	108	128
140	182	203	214
73	104	117	252
71	156	158	176
20	27	97	173
131	135	176	253
20	34	84	191
88	118	128	173
139	140	155	166
94	142	157	175
103	146	160	163
123	128	138	163
30	81	199	200
94	106	207	245
30	110	177	221
62	127	140	148
79	119	127	183
55	61	67	100
81	110	168	179
107	163	171	200
41	55	108	127
84	202	222	229
205	261	263	303
108	183	213	243
100	182	280	327
55	60	133	170
184	218	219	223
77	128	128	149
41	67	98	128
130	138	229	236
84	133	145	178
45	102	173	184
60	91	107	188
135	155	167	195
55	91	107	180
76	102	124	192
68	98	100	127
165	226	275	287
40	123	128	136
128	206	210	279
112	123	125	138
157	166	204	240
112	158	180	188
88	103	128	149
86	136	155	175
86	106	151	163
45	76	127	196
215	249	266	271
165	181	255	298
40	122	125	163
36	140	191	266
107	156	158	214
71	87	106	106
77	92	139	140
36	148	205	262
68	101	123	135
122	136	136	203
83	107	107	133
66	80	81	89
102	179	183	228
72	87	131	136
61	81	101	103
71	124	127	173
75	80	84	98
62	88	148	149
128	175	230	262
99	143	186	206
15	184	237	247
135	187	223	318
125	182	211	212
15	179	235	249
42	61	66	69
71	72	72	120
60	74	81	133
62	155	182	186
26	43	105	107
63	91	107	246
37	100	107	114
81	83	180	190
65	126	144	209
66	123	125	152
37	71	136	144
71	192	196	199
30	42	47	72
50	91	156	252
89	237	239	249
176	180	198	248
62	97	103	105
62	136	143	195
18	26	97	115
18	30	63	69
18	47	63	68
72	106	144	151
139	156	157	159
53	62	92	151
90	136	187	190
50	63	158	213
151	154	162	182
183	197	244	256
99	130	147	175
76	114	144	192
18	43	103	114
66	83	110	117
63	80	90	94
66	90	116	148
22	35	60	117
108	179	248	254
29	35	74	83
65	79	181	213
80	135	285	298
71	100	145	175
81	164	226	253
22	29	81	110
92	126	144	144
66	120	131	142
27	90	98	113
27	73	105	111
40	58	63	68
89	180	223	237
76	86	140	159
90	140	146	175
108	126	159	189
16	53	102	108
16	62	94	104
40	71	73	90
80	114	139	140
58	73	73	81
151	192	219	278
80	108	114	273
223	255	267	268
179	180	184	188
111	180	184	195
60	159	199	238
138	221	232	279
20	26	93	129
136	177	182	190
71	100	104	110
20	32	95	134
58	100	148	149
80	187	264	267
21	79	81	130
86	120	139	144
26	32	67	104
79	126	160	178
83	163	176	194
80	152	156	167
81	105	113	124
94	178	212	218
48	72	163	164
21	58	62	147
60	135	224	235
94	108	117	142
139	159	159	161
47	74	92	128
80	82	159	229
19	45	117	123
111	120	145	159
46	72	93	146
19	35	106	111
82	114	126	234
87	156	195	213
58	112	122	129
93	135	140	162
46	48	135	186
74	102	109	140
41	67	93	95
142	142	149	162
79	104	238	249
145	210	212	220
188	202	264	270
15	58	79	129
87	108	189	206
101	135	159	189
83	198	211	224
15	62	81	115
35	45	76	82
47	102	107	126
59	102	104	117
119	137	175	186
41	104	129	129
230	231	236	261
218	226	308	314
90	131	226	229
101	108	160	195
95	106	198	207
86	91	124	125
19	95	144	167
57	112	145	180
90	158	177	209
37	119	152	188
68	105	130	142
80	82	106	123
19	106	125	152
76	80	86	111
66	93	125	133
63	79	194	212
63	104	185	211
93	118	122	122
59	137	142	159
115	129	146	161
37	88	163	187
143	162	177	192
63	162	174	174
57	57	181	198
23	178	187	189
138	209	289	313
202	224	234	269
105	105	109	120
57	107	109	128
91	96	98	107
23	154	172	172
33	168	201	222
68	68	80	105
66	68	98	118
33	142	194	224
63	115	152	167
12	28	73	81
121	131	158	239
12	34	66	75
57	112	204	210
103	225	256	264
88	103	119	198
193	197	277	308
108	194	234	275
57	140	143	159
152	160	205	206
28	34	60	66
115	125	144	174
207	212	228	289
50	198	209	224
50	177	239	244
68	85	96	117
110	111	136	144
163	209	242	244
13	68	100	109
65	175	185	210
37	122	130	140
112	166	172	183
37	132	164	177
132	160	163	207
94	146	153	158
13	80	89	120
94	108	212	214
71	101	107	117
9	22	54	60
9	13	47	66
65	150	153	161
82	89	100	127
103	106	106	163
146	178	205	234
121	179	251	251
13	22	43	77
198	202	244	287
103	201	224	279
230	269	315	319
116	152	153	165
43	47	54	73
142	168	212	244
26	26	33	111
132	164	194	208
71	85	101	153
18	33	49	90
71	71	136	165
81	143	191	194
18	26	33	97
62	72	88	90
26	33	49	110
56	81	89	89
82	103	133	187
194	202	203	247
167	183	191	202
152	178	208	259
67	121	154	167
117	183	213	266
116	141	186	210
65	106	132	209
112	116	128	144
56	84	100	103
65	106	167	194
84	103	143	152
73	95	107	116
146	167	259	278
36	92	113	124
62	67	103	143
90	95	97	103
147	150	158	167
36	81	84	138
159	207	228	231
81	160	201	205
202	287	331	353
179	193	224	251
20	28	29	62
85	89	103	181
46	141	153	184
42	119	141	160
86	120	225	256
42	78	100	138
164	185	225	232
20	25	36	72
28	100	107	115
62	95	115	121
67	117	187	251
17	29	36	88
28	78	91	119
46	148	186	190
72	95	128	140
17	25	28	90
157	157	167	313
158	183	189	214
144	151	329	368
122	168	187	191
59	120	186	193
83	84	89	156
146	147	168	205
157	165	251	254
174	187	266	287
94	147	163	192
59	86	192	234
132	139	140	161
67	174	183	254
89	143	144	158
22	164	200	216
167	168	188	191
72	89	105	138
22	185	213	219
100	115	138	143
218	242	259	280
83	85	152	171
225	234	294	329
75	205	205	241
85	91	100	107
93	189	226	228
148	192	255	272
75	207	224	260
153	203	205	209
197	271	308	332
157	165	276	296
90	91	115	117
93	158	204	205
27	51	91	114
70	168	204	214
40	53	56	78
156	160	167	194
80	85	130	148
39	40	51	78
94	99	113	127
146	185	187	188
60	142	150	168
27	39	78	104
60	120	197	228
61	105	157	160
80	158	165	169
192	320	330	343
30	56	62	92
186	186	192	248
135	261	269	269
191	195	232	285
70	142	185	197
29	30	73	86
100	114	121	152
30	53	78	79
107	127	209	215
29	57	67	84
61	138	159	182
30	56	57	99
62	79	100	117
120	122	139	171
192	291	329	347
113	126	131	147
56	73	82	82
63	87	185	191
120	138	150	199
39	160	199	237
40	67	82	86
150	200	201	213
151	228	259	320
105	129	131	209
107	187	195	217
171	198	207	223
99	107	126	192
170	185	217	223
39	123	162	218
144	228	271	281
105	127	127	167
40	82	101	115
91	166	170	205
144	168	169	194
170	185	192	205
129	207	220	223
105	142	152	156
83	128	144	150
160	195	219	229
284	361	375	376
180	192	214	249
38	81	120	158
134	171	186	207
148	162	197	240
114	142	161	186
21	35	194	259
61	143	216	219
43	107	144	159
61	160	204	239
91	140	143	204
38	95	121	121
227	239	312	319
15	21	185	252
63	104	174	205
87	104	139	147
43	142	158	180
179	192	232	235
163	192	199	214
15	35	179	249
107	232	270	278
138	163	193	221
110	267	273	291
71	105	153	221
46	81	95	122
130	136	167	168
110	263	268	293
163	180	193	262
83	109	145	150
39	107	132	142
39	109	137	144
109	109	129	148
135	150	168	214
131	150	206	219
144	200	204	222
170	248	256	270
140	166	205	242
134	160	211	255
46	76	81	104
160	182	198	207
111	345	363	370
130	190	230	232
92	128	132	185
179	185	194	204
34	69	150	163
71	98	99	151
111	251	367	388
15	114	127	142
15	127	128	134
147	163	214	277
54	195	195	235
69	132	179	185
71	115	121	148
131	207	229	234
147	171	207	212
87	132	154	155
69	92	161	162
54	216	226	229
205	251	266	275
48	148	264	317
76	128	162	228
71	131	151	175
225	239	242	244
34	48	129	168
48	162	272	317
27	38	76	101
153	195	205	222
24	27	81	122
128	221	237	263
141	152	169	220
48	69	122	190
121	130	170	178
22	86	87	99
114	119	128	136
46	76	85	85
137	188	195	259
57	67	99	109
46	54	103	106
40	123	142	160
180	237	248	268
22	64	65	81
54	57	100	118
24	38	104	112
73	178	223	229
76	183	185	188
182	226	256	296
93	152	200	253
67	98	115	118
133	147	217	275
84	87	170	172
211	226	247	273
101	104	112	122
131	142	178	214
141	151	190	220
40	114	141	162
10	17	63	65
23	110	204	269
128	180	268	272
10	19	57	63
93	145	166	267
74	134	141	144
48	149	161	185
73	142	153	193
23	111	225	268
17	19	46	65
48	118	182	188
110	111	159	257
116	120	121	148
57	65	67	83
93	220	225	264
119	146	153	225
84	120	136	140
75	119	205	216
46	63	63	77
84	145	174	215
127	133	257	277
74	118	120	149
108	117	142	171
108	117	134	225
59	108	137	184
69	100	127	131
53	93	155	246
59	61	104	119
116	151	194	196
172	173	181	190
22	71	81	99
59	61	77	85
131	147	154	155
127	159	217	269
22	52	97	112
104	147	153	180
106	154	224	269
118	149	154	188
75	146	227	268
53	145	181	217
45	153	207	214
67	146	153	169
120	134	177	246
53	106	231	248
122	129	129	163
259	313	329	329
59	131	142	166
50	69	78	163
23	81	97	118
18	236	252	277
18	254	270	273
61	85	91	123
45	174	193	236
53	154	224	268
61	62	91	104
77	79	166	203
23	99	101	112
29	50	100	147
44	136	148	178
108	120	171	191
52	71	122	125
100	101	129	145
44	135	140	183
29	78	127	153
67	183	189	200
268	284	291	294
84	156	177	183
61	64	210	214
174	193	260	306
154	159	244	261
79	95	131	163
122	189	202	237
62	93	110	122
133	136	140	156
77	95	181	212
71	129	138	140
159	188	236	301
177	200	239	265
174	207	244	316
57	80	89	104
201	206	212	218
206	227	294	305
22	64	175	207
20	134	203	208
174	206	217	243
103	153	165	167
181	189	212	253
107	224	224	231
178	200	243	256
193	312	357	368
20	119	190	204
222	281	300	308
22	61	191	197
129	144	160	172
35	55	57	101
61	76	87	104
76	112	115	125
56	93	117	132
107	283	288	293
35	41	57	65
35	37	73	119
71	74	101	150
56	110	135	169
191	242	249	263
29	41	61	62
72	85	135	188
144	173	176	256
236	284	328	383
35	62	75	80
17	66	125	224
293	296	316	348
67	83	103	155
55	58	62	73
59	66	79	236
17	79	136	209
55	185	202	286
109	145	212	234
122	181	185	190
58	107	118	130
29	65	75	76
84	119	134	162
162	169	188	203
59	125	136	193
37	57	62	118
94	182	200	228
74	100	143	153
11	140	166	175
11	130	156	184
155	163	181	226
35	131	171	180
67	75	98	167
35	120	146	165
98	155	167	200
94	178	240	262
165	178	182	225
84	134	165	190
47	57	62	76
75	83	145	154
135	197	206	242
55	190	232	237
34	72	136	147
116	151	156	163
34	85	118	162
132	135	141	157
183	197	222	240
23	57	57	112
28	133	141	161
243	244	344	357
76	164	169	172
23	34	47	115
112	118	132	146
97	100	230	249
103	133	138	150
102	112	125	215
134	176	183	220
76	115	176	188
59	74	163	211
59	119	173	219
153	170	177	222
155	238	242	312
34	57	62	106
100	118	172	213
68	104	112	158
36	113	209	224
135	139	183	230
47	120	131	132
146	178	184	228
69	90	96	122
24	163	193	207
99	145	162	190
90	92	108	136
160	176	282	292
84	240	261	279
74	95	99	154
36	85	245	253
103	130	136	140
227	244	329	357
108	163	181	219
74	108	119	154
97	118	134	290
24	170	187	217
104	117	215	236
33	234	253	255
134	146	242	270
68	117	119	125
102	119	132	155
42	153	175	220
28	109	169	186
47	132	153	165
44	95	193	211
69	101	146	146
61	161	171	176
115	164	220	233
33	223	233	270
42	109	128	161
60	91	219	259
44	74	162	225
71	128	190	278
42	132	164	207
124	133	139	174
197	351	360	372
153	227	288	308
84	253	266	280
67	112	114	164
150	151	173	211
85	113	179	266
148	187	207	213
58	60	255	267
150	191	237	273
93	106	120	126
135	176	191	207
134	213	228	230
134	184	187	356
49	96	101	108
49	92	122	139
154	157	181	218
27	132	133	211
71	93	224	285
92	114	139	153
58	91	221	251
27	124	155	230
61	135	205	206
42	89	145	171
93	128	238	287
67	92	138	179
157	197	263	269
196	200	230	264
47	93	130	161
103	185	227	293
137	151	191	230
175	184	216	247
157	157	201	243
228	237	310	318
78	100	113	136
100	125	136	215
161	161	170	175
238	271	356	368
156	179	265	275
35	59	60	78
29	51	82	120
47	133	161	176
123	136	171	309
114	135	146	163
24	35	51	71
187	256	288	300
24	29	59	91
103	110	238	329
125	201	215	223
297	311	338	398
110	185	268	303
137	179	207	273
62	166	208	210
192	196	230	255
60	71	91	100
62	184	207	210
236	288	363	375
270	271	276	281
88	205	207	230
171	275	290	323
138	153	205	224
48	100	123	233
221	255	276	306
172	201	232	241
89	128	212	244
156	171	295	363
156	238	247	268
48	125	171	201
88	179	185	254
109	133	164	197
156	243	285	285
114	139	181	181
238	240	240	293
192	344	362	383
125	204	250	280
84	103	256	279
163	177	181	190
236	279	298	300
257	272	292	327
155	237	243	256
134	185	205	232
349	365	381	395
134	172	182	287
50	122	131	161
48	61	166	184
95	149	159	195
32	84	298	299
14	128	268	278
32	103	268	268
59	99	101	113
14	115	266	268
155	231	273	289
123	144	147	150
316	336	349	353
35	61	208	210
35	48	212	224
50	73	106	159
95	161	221	232
101	108	121	141
56	59	68	101
68	105	113	131
247	268	285	309
29	127	240	255
182	257	257	293
127	154	268	318
123	139	198	199
116	131	266	276
29	154	226	240
115	128	153	289
53	174	242	248
174	194	201	306
49	56	99	105
22	74	115	132
281	315	374	392
70	71	74	146
25	250	272	279
25	226	255	292
153	163	197	225
22	70	97	124
130	136	177	209
18	131	152	187
49	101	131	141
18	116	158	202
73	87	122	149
19	40	162	163
137	207	261	289
188	204	248	257
53	125	189	217
19	26	143	157
64	142	247	261
28	67	111	118
132	164	203	302
153	207	266	278
26	40	128	134
203	235	301	309
71	91	97	115
47	101	194	251
67	75	75	101
87	99	105	106
28	75	84	93
140	154	172	200
100	104	105	105
137	143	301	331
64	101	174	192
47	64	201	238
115	227	256	268
110	138	154	187
143	261	325	381
83	142	153	161
86	148	178	198
109	130	235	256
64	83	207	235
115	153	237	288
91	146	150	188
102	128	143	162
31	132	224	225
121	123	148	171
234	257	329	375
31	162	232	238
58	132	163	288
97	132	153	162
110	152	158	188
134	140	157	163
254	394	409	432
115	163	203	345
58	115	164	271
256	338	369	370
79	86	153	210
188	218	259	284
82	130	216	243
30	75	82	91
33	56	57	60
80	130	273	312
192	245	254	290
97	133	197	224
15	33	56	57
80	109	238	275
30	89	100	101
137	186	203	238
102	136	218	221
25	33	33	34
15	25	42	56
157	178	230	235
138	172	188	213
107	113	131	137
45	52	59	64
44	73	119	130
48	82	197	208
117	125	174	185
7	19	30	34
34	42	56	59
106	137	238	245
7	12	26	27
213	221	299	390
44	82	114	136
213	217	296	362
91	92	98	98
203	240	315	333
79	81	148	159
12	19	19	20
20	27	31	35
73	114	117	174
48	130	164	198
136	233	239	263
10	17	25	26
270	296	320	398
234	252	320	403
9	17	19	27
133	145	227	232
9	10	24	29
87	137	215	220
61	89	107	118
106	163	210	281
86	87	219	226
252	271	288	318
48	59	93	95
87	162	182	186
66	246	273	276
133	137	163	229
66	271	323	337
79	87	187	272
81	101	138	153
159	186	195	210
61	110	133	144
26	59	154	257
160	221	275	275
48	98	110	114
82	119	174	209
138	146	157	201
74	153	194	207
79	86	139	198
176	194	200	212
100	182	196	223
89	104	113	124
26	37	154	252
89	95	98	114
204	217	221	325
143	198	207	212
37	59	184	239
80	171	191	318
144	229	234	331
145	203	225	241
133	161	178	210
85	200	228	295
132	155	162	196
135	154	154	184
132	160	218	220
107	120	166	269
94	107	218	349
100	155	196	225
133	176	194	203
156	169	191	212
80	110	169	261
85	213	228	252
139	171	187	226
101	146	177	221
189	270	284	321
196	223	246	271
143	144	171	172
195	204	237	315
132	225	232	247
144	161	240	244
110	159	171	264
9	74	319	352
9	68	316	351
36	104	128	151
74	132	211	246
144	156	176	180
94	120	139	266
36	113	115	146
61	97	133	155
68	74	292	360
145	204	293	321
135	184	228	252
88	164	194	194
88	133	175	212
178	244	292	306
301	316	319	332
132	203	249	281
48	97	115	128
55	97	128	154
139	166	218	221
48	61	150	158
113	134	223	241
146	153	172	180
159	183	236	261
176	189	293	299
147	198	253	325
145	176	284	325
147	198	231	267
236	248	264	333
328	348	350	409
37	122	153	176
106	339	349	349
106	253	324	328
37	88	146	174
153	184	252	300
55	63	155	163
209	217	280	280
107	113	137	157
183	244	281	286
97	164	175	191
157	197	199	204
32	112	253	254
78	280	332	346
64	231	236	293
88	119	122	201
132	194	197	255
110	214	248	280
78	217	325	365
64	198	282	294
32	114	223	229
112	114	206	220
97	150	154	198
63	97	100	139
114	201	231	288
80	86	105	122
107	110	134	151
110	199	209	235
110	119	174	190
156	161	161	221
153	261	293	315
54	204	352	356
301	329	332	396
97	125	204	253
186	236	318	331
129	154	204	259
97	101	259	261
28	189	227	263
116	122	133	158
124	177	245	260
57	90	106	117
54	237	361	366
149	248	322	331
15	161	177	206
52	121	124	159
52	69	127	133
15	156	167	196
110	208	268	279
58	69	106	121
125	129	150	279
62	110	137	204
99	102	120	249
114	128	200	235
20	37	120	168
70	75	83	100
20	20	102	175
28	180	237	254
281	370	443	444
17	54	79	80
58	95	103	127
149	214	233	235
186	267	268	293
17	38	63	78
119	134	179	255
20	37	99	169
57	79	88	151
28	38	54	62
101	191	297	297
115	159	166	280
199	233	283	337
89	100	113	117
95	153	154	172
62	151	199	233
138	259	325	372
28	34	63	75
131	167	267	313
161	184	185	188
167	245	272	281
103	106	133	154
180	189	311	346
172	229	244	257
34	55	62	70
199	273	325	346
44	115	118	165
19	79	90	100
73	168	169	175
118	122	166	202
297	350	364	375
77	78	81	84
167	177	188	229
108	128	148	201
65	138	182	231
44	121	122	159
138	272	307	316
19	88	106	112
21	148	285	321
115	157	281	301
21	131	279	323
53	77	78	98
131	181	182	245
102	156	192	197
55	55	58	78
203	291	293	323
352	385	386	389
73	185	222	236
171	183	210	274
77	89	98	112
65	73	233	240
185	187	210	232
148	198	200	242
115	188	221	291
53	55	60	61
121	158	165	172
157	171	188	320
131	148	335	337
108	183	198	235
187	199	322	392
58	60	71	72
73	138	214	223
62	77	77	77
181	198	245	267
96	117	179	197
202	203	204	225
385	398	406	413
187	239	249	273
158	161	164	202
182	198	290	313
240	297	375	393
60	102	125	135
14	61	72	76
105	144	241	255
140	254	272	322
14	64	71	72
60	85	110	124
79	117	119	196
116	142	147	149
161	172	172	215
55	131	237	315
62	93	95	100
79	134	196	197
122	134	204	218
134	212	242	253
87	146	221	231
113	144	210	222
105	167	210	249
204	205	238	246
164	215	225	243
68	143	146	161
97	151	151	203
143	220	237	268
68	87	172	197
122	168	202	227
97	139	148	163
140	232	240	280
55	169	234	269
64	76	85	109
136	167	198	269
172	308	318	326
113	212	257	257
122	143	197	225
110	111	114	237
100	109	124	151
75	91	145	161
225	239	280	281
211	318	337	374
169	231	240	369
148	160	191	192
244	245	281	290
130	198	242	255
148	151	163	175
38	42	85	125
96	192	196	271
85	85	95	107
22	238	280	381
131	169	173	338
88	140	176	177
181	287	379	390
22	246	271	358
122	161	172	188
62	70	102	102
205	243	271	280
211	232	236	256
75	83	89	159
150	194	215	248
109	110	124	142
75	88	89	99
42	53	124	145
38	53	108	110
32	62	95	98
85	89	98	100
132	188	197	208
29	181	238	255
62	136	174	212
130	181	284	344
32	64	70	71
76	83	91	119
150	162	196	205
29	161	254	265
169	189	253	341
31	68	86	100
49	85	109	125
84	168	204	232
161	181	241	285
68	98	148	150
31	64	69	95
47	98	109	109
76	145	159	184
84	157	172	187
62	115	164	165
69	71	97	98
39	123	131	157
109	143	149	192
42	186	186	239
42	75	102	127
89	119	161	184
45	62	111	198
67	132	189	260
39	97	145	146
42	85	99	129
47	90	110	139
49	89	107	154
42	159	177	230
59	113	135	184
59	91	125	163
72	154	159	186
17	45	110	222
72	128	162	215
244	353	370	376
189	203	231	311
135	205	230	251
67	197	238	259
128	249	249	257
17	62	114	234
51	126	131	143
92	192	193	223
51	84	109	175
78	88	165	212
51	78	115	174
153	251	309	312
92	161	268	272
90	108	145	146
51	58	157	168
124	165	224	259
231	250	311	322
177	186	315	357
160	224	226	237
84	126	149	193
135	153	275	341
51	88	159	164
128	154	236	264
128	168	182	191
16	51	129	172
35	231	309	346
89	185	233	289
49	90	91	93
85	200	233	328
16	58	118	182
89	125	143	195
37	126	127	127
35	250	312	312
83	124	160	342
138	160	203	253
166	248	311	379
85	127	185	336
65	78	89	93
90	152	160	183
89	127	200	281
37	89	92	122
161	171	207	223
72	226	285	327
168	190	273	275
84	107	198	222
49	53	65	70
83	165	237	358
168	208	290	295
171	277	281	286
118	143	256	256
36	269	274	329
38	73	91	113
95	138	242	274
72	259	295	348
125	149	176	243
17	53	65	85
36	233	255	305
39	159	208	224
122	126	131	149
118	122	129	151
225	226	276	290
17	65	78	81
39	177	187	194
69	128	253	277
143	235	236	273
143	241	241	263
26	89	127	134
70	81	85	116
166	183	312	375
84	208	212	226
76	180	198	202
84	168	187	201
84	107	190	305
311	328	336	395
26	92	128	131
95	160	187	216
128	160	278	292
38	53	125	135
125	133	138	159
173	234	237	240
41	179	181	207
34	210	312	346
84	84	260	273
238	255	262	274
34	216	313	347
69	160	243	253
41	141	146	239
133	177	207	266
53	73	122	144
45	78	122	130
172	191	199	281
192	211	216	242
183	248	248	323
78	98	100	151
226	305	341	351
72	135	168	194
149	196	259	328
45	89	98	108
73	233	238	269
141	173	176	177
42	120	235	241
71	118	126	135
94	120	235	241
154	191	231	242
118	126	133	133
42	94	263	264
46	141	181	248
210	216	230	235
46	146	179	288
122	172	175	175
72	77	141	203
77	83	135	201
93	122	141	174
73	262	305	341
137	149	229	267
177	206	252	256
58	86	113	161
36	118	161	164
48	71	114	139
89	119	133	138
53	57	86	122
29	129	172	206
28	86	172	174
28	58	146	171
192	216	242	246
36	126	135	166
100	108	119	130
77	114	141	182
32	53	78	175
29	117	188	199
133	135	161	229
300	328	346	358
48	77	118	160
83	141	202	208
164	166	184	248
32	46	57	172
80	240	269	306
185	265	312	316
84	117	129	177
211	303	308	321
154	224	233	297
46	78	86	175
137	196	220	230
42	141	141	159
158	194	199	202
209	236	237	240
80	209	227	304
42	102	138	173
113	128	146	172
84	140	188	206
27	172	209	230
13	103	165	207
10	118	126	139
27	145	186	248
191	265	305	341
211	229	246	253
108	146	210	264
13	90	153	200
10	109	135	147
93	144	172	191
68	119	179	220
98	245	324	324
150	236	258	271
224	248	265	330
108	136	202	207
119	152	192	204
67	164	240	269
98	140	216	222
184	202	277	284
206	317	338	339
173	202	229	248
102	141	141	174
68	123	152	205
84	145	172	233
108	162	263	300
98	149	198	207
146	176	202	209
79	90	103	137
152	227	237	289
147	185	224	271
136	149	194	209
150	287	289	315
70	179	184	188
84	186	209	247
136	162	210	349
157	167	191	303
155	163	192	200
98	234	342	361
128	197	201	209
155	171	194	198
70	115	192	200
108	210	256	258
84	210	232	241
120	125	155	173
173	277	381	386
100	123	146	167
76	132	140	155
84	124	141	212
109	118	143	186
169	173	200	244
60	79	120	145
76	142	160	195
157	160	173	235
72	169	235	314
176	233	247	263
76	144	158	210
84	201	216	223
118	148	220	282
67	100	236	244
115	120	132	184
46	86	100	112
152	182	284	315
46	78	80	146
124	159	198	256
136	212	233	256
87	109	132	209
194	256	263	265
173	176	305	331
9	176	179	192
60	87	125	137
81	102	109	124
167	193	223	235
99	127	219	232
9	173	188	200
102	118	136	200
44	124	292	349
81	84	129	154
147	230	260	308
185	226	239	272
100	104	109	127
118	157	170	196
53	78	86	114
53	80	112	112
144	160	169	210
206	220	226	235
44	159	335	363
182	296	303	319
17	120	219	239
72	97	220	348
30	51	57	146
120	172	220	221
17	132	226	235
75	87	104	183
42	55	109	132
94	185	223	356
75	132	180	254
39	102	157	233
99	100	183	187
42	84	140	144
87	145	155	223
21	30	46	138
39	136	196	210
176	238	326	346
102	120	161	197
55	84	102	129
21	48	51	135
93	125	143	148
46	48	57	92
94	176	284	284
94	193	266	277
143	177	209	230
112	114	117	184
23	167	177	212
144	233	270	283
170	240	263	267
65	125	164	167
129	129	134	153
23	150	168	233
102	109	177	183
241	296	349	372
94	190	238	261
65	92	135	138
79	157	168	177
123	159	198	199
146	208	216	230
97	169	226	348
205	211	211	214
117	119	213	219
79	104	150	167
178	187	214	241
122	274	345	405
183	331	372	379
155	168	225	230
100	145	164	288
131	134	152	157
37	131	142	164
266	295	356	366
149	207	241	363
234	324	348	348
190	222	284	308
104	137	157	159
122	234	295	351
37	112	152	197
40	123	168	209
139	222	261	264
86	166	195	246
107	119	191	208
182	195	199	211
69	116	123	226
63	149	334	413
19	173	206	268
223	261	274	295
19	168	187	249
40	101	155	169
183	247	291	292
89	109	122	123
80	156	166	249
241	270	373	378
62	125	159	176
63	207	364	426
112	137	145	201
234	241	334	345
86	156	211	225
62	156	177	178
61	92	93	98
139	147	261	274
80	187	206	225
146	165	193	230
107	145	164	174
69	142	158	159
62	115	156	212
61	65	67	100
156	212	241	275
62	106	186	224
116	142	193	208
115	116	177	185
140	145	159	202
17	179	182	308
105	112	142	157
17	165	199	297
165	179	308	331
112	202	248	284
51	122	162	189
101	123	141	197
11	48	63	65
11	47	53	67
168	173	200	226
74	86	93	107
89	123	132	157
53	63	65	92
145	146	236	276
140	276	285	323
147	210	264	318
74	141	169	209
223	257	318	351
210	266	274	288
47	48	65	96
68	83	195	217
116	117	156	161
51	123	132	138
60	294	298	314
119	212	257	270
109	252	312	317
228	284	299	336
68	91	151	201
105	141	151	157
157	157	158	220
119	220	241	287
74	173	197	240
60	238	239	255
43	133	201	223
43	90	188	211
14	96	101	107
90	117	133	178
14	101	101	119
83	91	146	166
52	215	227	311
134	145	200	219
109	199	280	290
52	171	275	292
142	146	165	191
15	128	140	196
82	124	134	183
75	84	109	113
15	125	141	183
238	297	308	335
128	141	238	247
52	101	101	146
76	113	120	146
108	118	123	144
255	257	265	344
52	77	101	107
44	173	206	255
18	75	121	179
212	222	227	234
44	129	230	238
18	84	110	176
82	125	145	176
84	89	144	146
81	213	225	266
24	51	52	87
124	125	125	140
90	133	156	163
81	238	283	288
52	119	139	143
100	141	201	223
76	84	114	168
24	32	70	77
32	38	51	101
106	135	159	166
38	70	87	96
98	109	110	114
118	138	142	157
171	177	198	215
82	90	96	98
127	174	223	259
97	173	175	177
129	173	239	245
198	206	230	272
96	127	133	165
148	256	263	347
182	220	223	234
127	261	285	328
146	205	217	275
174	178	182	225
32	176	207	219
106	293	317	320
90	137	216	223
77	84	92	108
84	98	113	146
187	230	237	239
32	198	199	251
82	126	139	141
52	91	174	255
41	127	187	200
142	181	184	197
41	132	176	191
133	173	248	253
100	172	228	234
97	142	158	240
113	119	148	170
77	89	105	170
40	52	209	223
129	174	255	284
133	198	198	200
214	225	231	259
72	178	182	187
150	253	266	323
35	166	180	205
70	90	127	164
59	127	176	181
40	91	182	259
70	105	130	137
178	269	288	323
82	182	222	280
35	135	179	211
182	209	255	276
113	128	189	195
129	178	178	187
106	214	219	223
72	153	178	235
14	74	107	113
82	235	261	275
59	171	177	191
80	100	130	136
153	178	178	249
127	128	132	184
216	223	280	280
39	158	175	198
119	156	162	181
74	136	140	148
14	86	119	120
92	100	105	168
113	128	138	141
49	105	129	140
39	142	182	232
225	280	291	292
124	128	173	205
257	261	318	354
26	80	99	148
56	117	141	148
49	118	124	139
74	81	99	130
26	81	100	140
122	127	129	130
71	128	164	171
124	136	142	190
124	128	167	178
55	119	171	198
56	107	107	119
221	228	242	292
56	63	95	115
148	298	300	329
189	257	259	327
172	211	221	228
71	120	122	196
55	162	219	251
106	135	167	172
99	140	206	239
89	149	178	198
104	124	184	299
150	195	242	278
227	269	285	304
93	106	167	216
72	92	112	240
33	63	69	72
60	89	118	132
189	261	274	283
33	57	122	143
136	233	252	276
19	205	208	305
62	116	135	143
96	100	170	184
104	173	273	274
148	340	345	370
72	91	152	234
33	41	48	95
33	38	89	116
52	99	124	198
33	60	105	139
77	112	152	158
205	223	225	239
64	89	119	172
19	198	217	307
77	91	92	150
252	310	320	363
33	77	89	140
27	48	69	115
45	82	175	233
93	114	135	181
27	41	72	116
88	103	160	193
137	149	152	170
86	88	186	192
120	160	160	165
45	57	131	195
38	57	91	135
64	105	149	159
62	89	91	122
139	232	233	253
136	139	168	188
152	181	208	208
67	77	105	123
118	210	219	293
67	131	136	140
181	252	317	329
52	136	140	152
114	167	208	223
57	82	136	203
96	137	171	214
105	119	170	192
103	118	186	200
40	76	177	213
150	158	219	234
116	138	143	147
40	40	147	210
12	95	136	137
86	160	162	242
55	128	184	211
43	184	187	189
12	86	136	149
104	128	149	191
40	76	146	191
159	170	178	192
219	227	240	252
76	123	146	168
60	168	232	291
60	188	279	293
36	132	287	293
126	192	231	231
46	195	292	314
76	102	167	180
97	136	136	170
46	49	131	153
146	147	152	177
38	67	143	160
18	49	118	124
38	63	126	165
74	165	181	182
46	212	246	277
137	152	178	190
36	114	266	298
18	46	110	115
195	198	204	208
60	145	244	250
86	95	97	205
102	126	147	165
246	292	317	343
108	117	128	145
139	223	240	246
114	132	272	308
129	220	264	277
55	104	117	192
170	176	208	239
46	99	166	208
133	142	148	150
60	193	211	212
43	146	179	230
74	94	166	166
63	67	147	198
82	155	178	212
124	125	189	195
179	179	180	189
82	112	166	182
55	108	149	185
184	195	208	213
46	57	138	184
105	126	154	229
131	139	155	169
56	113	120	144
178	237	249	280
108	176	201	265
55	99	163	166
152	174	199	228
69	73	172	266
69	113	131	201
124	126	145	227
91	94	116	165
73	131	209	246
12	60	110	118
162	192	193	200
57	93	99	150
27	91	125	165
12	54	108	115
27	116	124	154
143	154	161	223
112	155	175	189
29	63	145	325
105	133	143	231
29	36	126	322
127	149	264	277
126	129	236	253
108	155	235	236
113	155	170	172
87	93	138	166
50	66	77	94
126	218	219	220
125	167	176	179
36	63	124	317
69	178	197	214
127	198	204	218
54	60	90	169
36	53	237	240
60	88	185	195
17	50	54	70
107	174	181	181
38	50	54	75
38	87	92	92
69	175	200	209
40	53	211	220
17	50	66	66
60	117	169	181
113	154	200	219
143	183	198	222
52	70	71	77
36	40	204	229
21	133	178	194
98	135	167	204
21	142	195	200
86	166	169	183
201	210	213	213
87	150	151	164
86	154	165	194
133	141	151	151
133	161	210	229
88	117	119	146
90	108	119	132
157	181	187	222
66	75	83	87
52	71	87	87
59	98	125	137
113	152	178	222
156	219	228	248
46	70	139	147
107	157	212	237
112	119	136	150
191	210	219	249
153	170	193	214
197	211	228	229
122	166	200	203
210	223	231	235
156	206	253	254
132	202	220	221
153	209	214	286
103	200	220	252
149	162	186	193
59	78	116	135
71	79	101	123
46	53	130	136
69	90	99	128
53	111	177	178
138	164	169	207
108	155	161	210
53	70	77	83
63	79	107	147
146	179	184	200
41	112	143	159
131	151	204	323
181	212	218	231
10	77	130	133
17	63	117	146
10	83	136	141
17	79	120	155
108	120	187	196
93	240	343	345
122	169	212	252
79	126	142	155
93	147	252	286
41	150	170	175
103	160	178	211
39	78	137	196
129	153	199	277
115	147	193	199
53	59	167	175
78	166	317	343
73	138	186	221
29	69	166	184
70	103	121	161
146	156	200	211
153	316	319	322
178	204	209	215
39	116	176	179
107	117	120	197
103	124	130	155
60	103	191	225
33	70	91	155
33	101	103	126
115	129	214	226
36	65	122	127
62	73	122	127
62	64	65	76
120	124	161	223
78	96	319	332
73	161	169	249
108	179	196	197
137	170	181	184
97	152	154	184
106	169	239	267
60	130	205	210
59	111	120	163
36	64	97	122
142	231	322	327
31	69	162	184
143	156	161	200
132	143	147	156
29	90	190	211
91	101	120	121
96	166	253	254
178	223	231	237
185	218	254	275
93	146	166	205
111	157	161	161
150	160	185	193
31	49	193	195
173	185	209	248
45	113	227	258
73	76	97	122
91	97	161	188
97	138	142	161
44	131	266	333
106	165	207	254
113	163	277	310
142	198	228	283
108	198	231	248
49	69	147	170
93	142	180	183
13	92	143	236
13	83	132	246
111	148	204	211
117	160	197	233
172	226	256	286
141	196	225	261
57	111	198	216
111	120	195	202
173	196	231	248
210	348	350	353
91	134	161	169
163	167	184	216
117	142	220	240
94	137	147	180
53	210	253	257
53	205	216	264
97	113	166	222
44	151	297	308
57	147	148	172
120	160	170	175
70	140	144	161
98	113	226	242
78	185	215	237
90	138	156	204
94	158	180	185
142	178	269	290
90	134	142	161
50	69	207	298
69	117	165	267
166	184	207	237
98	163	191	224
142	142	186	231
50	117	254	319
79	174	180	201
92	136	154	166
86	150	208	217
160	169	187	220
83	92	147	264
162	172	242	257
210	297	307	340
45	99	218	268
69	85	142	154
78	167	217	260
70	157	179	187
113	133	192	194
138	156	195	228
86	159	160	193
196	212	271	279
242	255	307	333
79	138	162	172
45	85	92	173
212	216	257	297
86	141	212	285
45	69	136	191
160	194	218	234
138	147	179	181
139	162	207	224
115	213	236	246
169	183	280	283
60	180	217	217
67	87	130	144
148	186	240	263
218	238	319	330
60	193	211	216
165	191	207	226
142	162	180	219
148	187	187	259
233	256	264	273
99	113	256	273
135	152	183	188
92	103	133	136
138	274	313	319
86	225	248	279
182	244	313	334
118	174	206	229
156	216	239	263
14	47	79	160
87	131	133	168
103	113	140	160
14	52	67	159
167	233	237	256
139	143	229	257
67	68	131	140
108	159	208	234
182	223	231	234
47	52	85	158
212	325	334	405
121	142	183	203
118	143	190	208
133	160	183	238
165	238	274	280
44	50	83	86
172	199	218	256
113	160	181	186
119	133	169	177
108	194	205	280
187	193	263	305
7	10	38	83
67	79	85	95
81	174	208	223
38	38	46	46
8	10	46	90
7	8	38	82
171	325	393	404
148	172	195	256
44	46	82	83
172	244	299	303
98	115	197	309
68	94	113	135
135	141	193	322
101	121	123	188
81	190	206	261
113	172	183	189
96	129	137	191
68	130	145	165
37	68	98	152
8	141	257	284
96	97	98	161
8	135	257	280
119	160	180	280
117	136	157	183
92	148	196	199
171	239	343	369
177	180	184	225
101	141	155	161
172	196	201	239
34	99	191	231
37	94	97	183
34	65	189	234
71	144	157	159
95	129	158	159
123	136	141	153
108	194	208	238
179	248	267	285
65	99	188	190
108	190	235	239
92	185	195	231
71	117	155	174
113	160	184	229
133	236	305	314
98	195	213	225
151	155	195	233
167	176	260	279
242	291	334	354
112	133	261	354
91	102	166	173
163	174	189	198
91	102	161	226
76	144	174	210
104	188	226	252
189	195	197	220
60	82	151	161
69	165	176	199
189	190	191	207
75	92	93	190
48	113	119	143
65	82	110	153
112	149	236	291
149	160	162	236
76	135	155	159
75	96	140	142
112	194	217	235
112	190	208	214
60	65	160	195
64	172	225	232
48	82	104	160
78	130	162	209
90	104	133	143
104	163	249	254
66	102	102	151
196	224	239	249
110	160	161	183
75	106	170	173
79	119	121	187
119	156	184	238
71	92	140	166
137	173	226	247
156	226	246	325
64	173	174	249
149	242	256	261
71	93	96	116
63	221	224	253
90	167	170	190
117	158	179	225
69	160	172	225
78	88	149	162
145	160	206	211
87	106	135	145
101	107	113	119
24	71	82	101
75	118	158	163
125	131	160	215
82	119	133	172
163	185	226	312
149	159	206	219
116	142	185	190
66	118	161	166
56	79	149	181
137	149	207	247
63	188	201	220
41	58	71	111
24	58	67	88
146	220	328	336
13	82	115	130
80	88	130	188
126	262	262	289
124	280	281	359
114	156	212	278
172	172	174	216
119	173	200	260
106	113	118	118
13	72	113	118
10	131	213	242
10	125	220	252
113	115	170	172
41	88	103	106
98	168	214	217
43	67	87	162
98	238	258	281
117	119	172	197
157	161	166	186
41	43	106	119
26	244	273	276
173	187	236	239
56	121	159	175
126	168	241	258
67	82	107	111
80	162	201	209
166	218	258	273
157	187	196	224
63	72	82	99
52	225	273	279
150	158	197	233
26	270	287	292
170	253	273	304
135	178	180	190
119	200	226	246
124	177	323	361
41	67	111	126
138	149	200	238
185	202	251	281
213	216	220	253
60	156	218	256
202	256	258	295
146	189	327	344
71	113	158	194
83	111	119	143
114	178	202	226
52	232	236	244
32	98	224	242
94	135	180	231
54	63	118	130
78	90	161	196
12	171	183	286
12	174	194	298
177	191	218	280
103	137	143	176
60	143	191	302
178	212	226	245
54	99	166	169
71	170	184	211
108	119	137	162
143	156	162	183
123	198	251	268
32	70	204	214
138	145	258	264
21	78	121	209
83	100	124	142
95	126	142	143
21	90	122	219
244	295	297	300
123	147	195	241
137	150	172	204
137	140	169	172
94	159	178	180
131	187	197	202
183	206	251	263
123	147	177	198
145	196	219	238
138	177	238	264
34	67	100	170
161	162	171	174
124	147	199	217
174	196	219	223
105	121	122	147
94	108	202	212
175	190	215	216
156	210	238	252
95	124	154	156
34	50	124	147
109	123	133	235
137	137	240	247
50	67	102	159
175	187	199	231
17	24	26	156
26	32	36	182
76	113	124	156
167	195	198	248
191	273	296	315
12	17	36	154
228	233	240	304
12	24	32	159
70	98	142	144
105	177	189	219
107	151	161	174
170	191	194	332
43	76	102	170
161	208	307	308
94	162	204	238
55	138	153	161
138	179	185	205
68	69	166	282
43	113	116	204
65	109	149	163
102	147	162	170
65	127	133	165
55	102	110	142
104	117	124	154
128	154	337	358
99	99	102	153
69	78	112	236
57	73	78	186
166	245	298	342
219	265	280	300
119	193	210	239
98	154	160	167
68	78	121	262
87	98	112	157
54	83	107	127
102	103	112	116
78	103	112	165
54	101	110	116
17	57	103	143
52	128	236	239
17	73	112	130
23	104	170	173
58	89	99	108
86	87	103	105
58	66	99	138
104	115	118	175
83	105	110	154
52	154	243	262
112	121	166	239
23	117	162	193
254	262	268	286
123	138	150	162
91	115	122	127
56	223	297	312
56	253	305	325
135	166	296	343
122	149	165	181
153	208	220	248
181	189	207	262
27	164	170	207
89	138	142	157
68	114	183	187
52	101	105	127
52	116	154	157
49	60	123	160
19	60	86	157
27	138	194	207
66	108	157	164
82	108	114	167
238	240	267	272
19	49	105	172
27	150	171	202
131	180	186	201
78	151	162	302
130	141	143	165
118	139	207	207
91	104	139	166
98	106	151	217
27	163	198	198
32	45	51	182
117	220	297	313
45	69	91	141
23	32	69	161
23	51	91	143
178	228	236	249
135	211	298	322
68	82	122	133
103	123	131	179
157	221	308	317
115	121	153	207
72	87	143	162
178	187	194	238
121	165	223	253
91	166	170	195
138	164	211	241
21	57	91	166
115	171	207	216
55	94	170	195
95	144	178	183
173	187	196	226
21	67	74	169
86	101	171	194
57	67	98	201
95	142	151	200
155	222	233	285
121	131	142	143
257	288	315	350
91	94	106	122
84	135	143	147
277	305	305	330
147	202	268	270
30	72	135	156
160	200	209	209
84	108	122	187
30	87	126	165
78	85	106	263
181	200	209	236
55	106	170	190
142	241	278	281
126	136	156	167
174	211	241	264
102	103	130	145
76	86	175	200
131	145	162	162
121	131	196	207
74	91	98	112
117	216	224	228
68	70	141	146
57	61	92	130
221	273	275	298
114	154	180	233
76	101	221	235
131	187	209	261
131	150	165	226
68	70	84	175
68	126	141	212
61	76	171	200
166	302	344	354
52	94	122	166
77	154	155	176
156	158	164	193
70	91	92	102
157	276	301	311
30	142	145	210
109	147	272	331
41	136	175	221
84	133	165	167
61	160	181	185
30	165	175	216
11	57	91	152
83	97	102	153
77	107	114	222
11	61	102	145
68	70	150	165
139	142	227	230
15	61	216	241
43	52	167	190
112	181	185	200
85	98	162	180
68	68	141	147
83	96	167	178
15	76	231	244
80	131	182	190
63	138	186	232
41	167	200	230
61	178	186	203
86	131	140	185
109	191	202	231
43	94	209	223
166	196	245	289
147	191	192	199
150	166	169	207
114	132	174	257
220	224	233	241
107	157	176	180
28	143	149	190
80	141	143	144
28	149	167	178
116	141	141	161
96	97	119	125
63	89	132	174
68	86	94	190
57	94	104	131
139	174	178	196
180	217	217	257
57	68	137	140
25	51	173	180
94	141	151	178
96	104	132	147
182	204	221	230
114	140	189	204
128	132	140	140
135	141	179	182
202	207	214	234
61	94	165	166
25	27	158	179
169	185	202	234
135	153	261	270
97	121	162	202
92	150	151	194
149	210	233	264
125	139	140	144
92	121	158	194
157	207	247	258
50	89	138	169
75	104	137	195
83	147	162	190
65	90	183	240
40	65	162	187
61	151	190	206
27	51	133	157
19	113	119	145
83	97	143	152
64	145	161	186
19	96	125	161
98	124	139	150
40	90	125	191
18	38	104	104
18	55	96	105
38	55	104	132
75	154	161	228
118	230	231	241
50	132	139	155
145	165	173	189
92	121	152	234
64	177	203	203
82	140	143	273
76	127	155	169
12	105	128	194
61	71	91	94
16	41	94	125
141	149	153	192
177	183	194	200
12	104	140	183
54	179	203	331
92	202	215	244
127	128	151	278
111	187	222	293
159	189	230	296
16	37	91	114
148	153	182	200
159	216	322	334
164	185	232	279
54	173	249	285
37	41	127	143
61	143	147	214
115	164	202	204
95	96	113	181
173	196	216	233
32	108	133	176
118	151	151	156
44	111	116	140
31	67	104	104
78	125	162	169
115	117	214	279
31	71	124	138
31	61	114	118
104	105	183	193
61	157	190	202
82	91	142	265
145	264	306	311
32	99	104	155
20	80	109	235
31	40	108	122
20	99	105	217
203	218	233	249
80	99	125	157
24	141	171	193
40	67	76	109
44	115	133	136
76	128	155	189
132	151	159	174
24	153	161	178
151	216	245	272
78	97	129	140
148	151	180	187
84	163	267	314
41	98	140	176
87	95	127	192
86	91	99	108
46	111	144	167
117	176	204	260
93	140	142	188
84	232	326	342
94	118	138	163
75	123	139	159
41	62	129	182
62	76	103	108
105	109	125	183
173	179	218	250
62	97	98	169
91	93	143	219
70	91	104	133
178	183	192	193
161	171	192	215
188	203	221	229
153	163	200	204
184	191	217	229
183	185	193	194
62	104	109	122
120	152	176	198
81	97	127	166
75	109	155	177
152	232	251	269
121	164	196	220
70	86	98	155
94	120	189	191
46	116	129	133
87	97	173	181
81	98	116	162
61	95	132	151
74	103	104	180
143	183	196	228
217	234	238	296
57	153	180	208
228	233	261	285
116	176	179	208
77	217	224	254
58	61	156	186
27	106	108	215
18	128	189	190
41	183	197	230
74	142	173	177
57	158	177	203
150	177	194	220
18	114	182	183
27	94	102	203
77	181	185	245
41	157	187	194
152	179	192	239
109	123	128	171
115	129	140	151
81	99	152	189
114	128	192	204
61	121	172	184
112	116	139	145
61	93	120	157
213	219	294	297
58	95	214	227
217	245	248	280
53	131	139	214
99	130	160	195
143	173	279	290
31	99	128	204
95	128	152	160
31	81	160	228
53	81	112	188
24	102	108	108
132	138	141	166
49	131	219	265
24	94	106	119
138	198	200	201
149	179	196	251
142	150	159	213
77	93	121	194
40	173	292	293
37	158	160	167
80	152	203	228
17	24	145	183
37	130	149	171
50	99	182	189
149	181	254	256
80	95	194	204
15	24	135	182
99	149	186	237
77	117	120	172
15	17	130	192
81	117	131	145
40	192	315	330
47	103	128	143
49	93	239	248
50	67	179	208
8	139	141	204
8	131	138	211
67	99	117	187
117	181	194	200
108	119	133	204
47	59	98	125
173	177	180	182
145	175	214	223
92	119	150	166
133	151	173	176
56	71	98	114
92	131	132	139
149	208	212	262
74	101	183	223
93	131	231	262
126	133	140	193
160	196	269	299
138	231	239	298
59	71	73	94
130	135	145	149
65	122	149	157
82	119	159	200
233	242	258	262
175	193	265	283
15	108	167	171
56	62	73	125
76	105	132	157
15	112	177	178
82	145	205	229
102	163	186	200
162	242	297	307
144	168	182	215
92	115	181	190
126	145	148	194
162	175	229	278
180	213	221	239
160	186	249	279
82	162	197	228
65	89	132	171
40	115	123	149
108	112	230	242
82	226	228	246
31	73	144	145
56	76	166	185
40	92	125	171
137	185	186	190
62	94	114	153
31	48	148	168
102	102	103	137
103	162	208	232
48	73	126	215
138	189	193	197
89	119	122	197
83	125	144	173
67	74	152	219
56	105	153	171
121	155	182	186
238	264	273	300
81	91	103	141
105	182	253	255
103	166	212	248
49	123	125	190
46	83	112	138
104	191	194	239
67	101	185	211
91	102	103	128
49	158	162	171
30	178	190	203
63	233	295	346
175	207	251	369
46	72	125	127
87	119	127	155
64	160	180	191
59	96	194	288
30	159	160	184
64	105	121	141
81	103	105	111
107	128	131	162
142	185	203	231
61	121	153	166
60	66	138	150
61	169	180	208
105	250	253	259
63	228	234	281
104	205	231	248
93	197	221	275
232	249	273	281
23	66	107	111
25	133	159	178
64	113	141	143
23	60	110	116
25	146	184	203
63	177	232	235
69	102	130	131
142	231	288	291
141	160	175	182
64	119	170	196
48	61	141	300
72	102	112	112
93	193	222	229
30	89	129	135
111	128	175	196
131	142	151	166
61	73	94	278
52	59	191	270
87	129	142	185
30	62	105	107
142	236	256	259
104	120	223	250
151	152	176	213
99	108	136	158
48	73	117	255
110	111	122	125
121	169	177	178
39	107	165	168
133	146	160	190
39	68	184	190
69	112	114	130
62	72	85	89
47	165	184	185
68	107	125	222
10	77	151	213
63	255	290	341
207	231	329	337
102	113	172	175
150	154	174	186
170	180	214	214
155	177	194	201
10	113	116	122
52	96	239	280
10	69	152	222
142	186	253	270
10	117	123	132
94	117	141	196
118	128	152	185
85	98	99	106
71	107	115	129
47	162	188	203
104	150	158	177
71	72	98	105
102	160	185	249
125	190	228	264
62	118	152	177
120	158	185	227
106	108	187	199
48	112	113	181
119	160	194	214
72	114	125	151
113	117	125	134
77	205	304	317
56	62	91	235
69	77	213	229
203	208	215	229
69	72	123	130
20	36	100	114
162	168	184	184
35	56	118	291
48	65	99	149
20	23	91	98
23	36	78	107
87	93	137	186
35	91	152	307
66	90	124	178
93	155	197	222
99	112	121	193
64	133	134	154
146	185	202	209
77	278	312	312
55	69	94	125
67	78	98	114
188	196	255	278
97	160	185	198
66	145	151	172
81	120	134	142
64	91	100	107
74	90	145	198
67	81	83	143
29	69	87	159
118	139	172	177
7	53	87	164
71	88	94	133
184	286	290	322
7	46	93	160
29	62	63	183
93	115	194	258
55	71	78	123
97	136	137	178
142	173	176	184
65	92	113	118
146	233	264	267
128	139	211	212
202	260	268	280
46	53	137	137
137	160	164	204
92	118	149	155
83	120	130	207
74	124	151	152
53	62	69	142
31	219	338	344
53	63	87	187
348	420	421	431
78	83	88	103
147	160	204	247
31	188	323	337
188	308	348	387
276	280	289	290
204	214	214	255
45	49	172	178
37	49	142	205
83	133	137	142
23	78	83	162
37	55	176	182
103	103	137	152
141	147	214	239
115	143	155	180
23	61	103	155
92	92	146	154
122	191	283	307
49	55	166	173
23	45	160	164
23	49	142	174
119	208	229	254
257	278	301	305
77	118	129	164
26	220	286	293
103	193	194	204
131	152	160	174
181	188	193	219
81	114	118	122
37	100	108	110
37	66	220	276
102	122	211	251
144	161	190	232
37	88	89	96
156	193	259	323
66	70	255	291
77	90	129	132
26	196	278	302
102	110	191	311
168	198	204	294
30	125	161	198
30	145	168	190
81	89	108	132
101	137	141	233
10	88	88	100
90	129	218	219
82	217	250	258
110	211	283	401
10	84	96	110
37	70	191	289
137	166	182	205
121	125	130	173
125	138	310	339
82	137	222	240
127	135	137	165
125	192	291	308
105	125	131	133
121	189	197	229
43	145	229	268
106	238	244	290
142	156	164	174
83	103	135	172
172	212	240	268
84	88	88	102
81	178	288	312
75	143	167	242
125	144	145	166
43	177	229	248
146	201	206	236
75	167	177	180
101	127	188	219
60	142	178	255
249	255	281	294
31	114	135	172
105	107	218	223
88	115	125	182
31	114	144	165
144	172	192	204
61	78	104	135
90	155	213	257
81	251	281	282
223	231	286	298
96	117	134	139
152	181	259	286
82	105	117	119
60	86	120	279
145	170	177	243
152	156	219	364
138	192	192	254
44	86	98	104
187	213	219	244
107	133	158	167
48	79	188	226
81	97	254	275
86	86	142	268
75	79	166	232
81	203	236	281
86	90	236	244
44	54	54	62
43	54	77	82
105	133	145	146
114	114	199	203
48	75	224	240
111	119	155	215
137	186	203	239
191	220	255	271
78	201	220	220
78	126	264	284
46	96	106	119
29	104	156	190
89	104	120	121
37	43	54	98
86	120	178	181
86	155	219	241
197	207	211	216
106	137	157	263
207	289	321	322
37	62	77	88
126	201	205	227
29	89	176	200
106	187	221	242
124	156	220	223
112	177	182	190
46	78	94	120
139	156	220	227
97	178	210	240
207	312	348	373
94	100	106	114
192	200	203	225
74	160	192	239
154	167	167	190
10	145	152	158
10	143	146	165
68	190	200	216
203	255	282	289
112	180	187	203
34	124	156	191
106	140	238	263
88	122	146	158
145	170	240	254
34	139	156	182
84	155	174	174
157	180	186	201
151	160	202	222
137	193	203	294
74	151	166	254
106	158	188	192
73	114	237	276
78	119	124	155
115	145	169	200
181	201	260	268
163	229	269	291
112	118	249	249
63	73	255	287
111	120	209	296
208	238	263	270
241	263	263	278
68	167	174	225
70	160	205	248
112	113	165	185
58	106	116	165
63	114	259	282
58	137	143	152
201	202	266	317
201	204	205	205
100	170	208	221
70	109	212	259
62	98	115	175
118	136	180	185
84	111	229	241
155	194	209	213
43	145	210	275
160	168	182	191
154	167	193	216
83	98	145	204
162	199	218	228
166	222	237	239
105	185	194	201
49	137	237	255
165	205	218	220
155	156	176	185
109	160	264	306
113	160	182	193
62	83	132	137
144	155	236	253
29	94	151	192
43	170	251	319
49	116	137	142
49	99	190	244
53	139	166	168
48	168	212	261
29	66	127	186
195	253	272	276
105	155	266	271
48	160	259	273
48	243	263	268
60	107	120	125
53	102	129	162
54	97	113	125
209	213	243	263
49	99	110	165
108	129	166	191
104	155	162	172
48	213	247	283
99	137	172	173
49	127	145	186
37	137	162	175
201	207	216	217
163	174	282	294
52	60	83	113
174	198	209	218
66	94	103	145
110	113	142	175
48	54	83	120
37	132	138	180
108	233	259	272
144	216	255	292
232	259	297	304
89	137	143	240
48	52	97	107
100	131	243	270
100	162	168	195
49	84	159	211
100	102	139	191
124	128	138	157
125	173	187	190
99	113	147	240
190	237	276	304
103	127	128	151
175	242	250	284
84	127	174	218
116	131	138	175
55	142	150	152
125	172	244	266
217	295	314	319
83	94	131	168
55	98	196	197
148	187	247	266
67	172	224	239
61	89	122	124
63	240	256	273
97	159	168	193
67	202	205	214
79	134	238	240
119	145	155	161
149	152	174	199
120	134	140	242
35	63	168	179
69	89	155	163
217	231	244	247
189	228	228	236
128	137	198	231
79	128	299	311
63	220	238	287
11	83	152	190
98	150	155	199
69	100	138	143
28	35	134	161
11	94	149	195
116	168	189	190
97	134	157	160
28	63	106	145
124	129	211	234
260	287	295	305
91	172	175	203
175	194	275	296
130	184	211	245
61	91	111	120
150	190	320	329
148	157	329	334
33	89	91	128
184	214	229	229
157	186	200	214
137	159	224	273
106	119	134	168
128	134	220	256
33	122	122	134
150	255	304	330
232	242	413	418
102	129	247	293
174	196	270	310
91	171	174	194
131	207	221	259
158	171	196	220
34	174	202	203
62	168	176	199
102	124	195	195
130	191	195	217
173	178	186	197
34	171	215	222
34	100	219	302
212	217	278	292
62	115	158	159
177	196	221	302
76	115	162	180
34	87	202	274
65	65	86	86
99	116	230	260
132	222	318	324
48	48	57	65
78	100	155	180
87	100	119	293
106	147	173	310
124	207	255	296
102	120	191	275
99	123	188	266
106	207	216	230
171	221	229	236
80	115	119	127
45	141	185	250
111	120	238	281
197	217	244	246
88	131	189	191
116	123	123	216
132	195	210	259
76	86	102	111
24	48	58	65
124	160	178	322
43	88	120	249
24	34	48	66
34	57	58	89
94	156	158	183
122	156	195	239
109	147	230	255
43	102	131	279
116	177	195	210
45	97	176	205
119	173	194	202
171	185	211	218
83	94	217	243
151	222	244	256
151	231	248	265
188	232	337	345
39	72	73	328
21	72	104	274
193	290	310	319
11	109	281	291
78	138	138	150
21	73	100	289
11	105	271	289
39	100	104	307
109	173	175	207
134	189	197	233
123	185	188	230
134	171	183	201
97	150	180	211
80	83	84	87
162	171	172	220
83	91	127	155
33	50	93	119
244	266	301	306
91	117	147	149
83	158	231	250
56	66	66	89
105	109	218	280
69	108	133	194
116	122	183	243
153	176	178	273
97	113	141	169
136	220	242	288
121	193	279	289
160	176	207	237
169	176	185	196
18	33	87	135
22	173	225	226
136	218	258	294
22	194	205	220
18	50	84	141
49	134	135	185
57	85	120	163
85	100	168	201
124	134	163	164
111	134	199	207
56	102	108	113
222	259	276	291
116	167	176	221
49	91	183	211
89	95	171	199
57	70	100	173
141	145	175	185
113	126	204	205
116	159	239	257
185	245	306	308
121	216	217	273
153	198	211	238
168	181	188	238
153	186	194	217
70	120	160	164
152	156	162	187
124	160	213	233
91	135	219	221
92	133	172	187
124	259	281	325
147	176	210	210
124	201	207	259
112	198	199	206
97	138	202	216
221	265	300	310
29	57	141	206
11	175	222	235
135	166	171	171
172	207	270	322
59	248	257	267
29	40	145	230
172	201	246	276
147	226	232	247
111	112	138	153
237	245	270	302
159	256	265	288
128	140	141	158
18	181	205	220
126	133	176	240
18	168	220	233
165	186	230	237
11	177	228	236
40	57	185	222
59	247	280	280
146	176	192	196
219	256	262	263
92	108	156	176
87	116	172	303
116	150	209	222
62	159	175	176
46	102	121	154
167	207	276	293
48	128	159	165
101	138	191	211
191	216	218	224
101	111	199	248
194	221	224	230
118	156	176	180
46	60	83	108
87	88	102	243
100	147	207	220
62	118	131	183
108	152	159	198
191	235	282	300
48	121	140	199
135	162	165	195
102	116	166	195
292	300	309	340
60	69	85	102
159	168	199	201
88	166	172	178
71	146	156	162
165	221	233	246
147	271	275	317
18	188	253	253
126	195	237	251
62	83	85	90
37	90	114	145
65	256	267	280
18	177	240	251
22	57	170	244
22	42	178	238
65	247	248	313
100	182	228	234
83	191	251	272
62	69	108	145
37	80	113	142
151	163	194	237
42	57	160	268
86	95	158	167
71	92	110	184
89	256	300	344
126	177	185	188
82	151	207	247
83	218	255	257
44	165	190	191
96	126	149	163
136	151	162	245
44	149	173	201
116	174	195	231
120	121	159	168
89	270	286	316
80	80	95	114
86	89	191	206
182	207	210	230
69	70	137	151
93	122	155	178
162	200	222	270
95	100	110	128
84	171	185	195
54	195	200	228
181	211	246	275
221	240	253	276
149	191	275	287
92	100	162	174
88	117	145	161
70	82	133	205
31	165	173	272
31	190	201	251
50	96	218	225
109	181	249	300
84	202	209	240
50	126	263	275
54	184	200	215
80	85	88	111
72	87	128	179
160	170	178	208
72	122	126	179
161	256	276	286
31	75	93	168
171	204	209	210
141	175	208	340
31	49	122	137
120	123	178	184
140	239	247	251
77	141	148	280
91	123	162	163
123	136	208	208
49	75	105	136
109	212	235	246
31	85	134	140
31	111	111	136
108	156	205	257
184	200	264	285
115	116	259	261
185	299	316	339
77	141	208	228
99	120	142	143
65	87	102	122
91	194	208	238
189	221	254	316
246	259	326	362
191	197	204	211
28	144	164	178
101	140	180	205
59	125	136	143
123	180	183	197
58	65	92	156
185	240	270	295
161	246	272	295
196	198	198	200
54	65	112	126
84	131	134	159
54	105	137	168
141	148	164	175
88	108	180	227
37	65	78	175
28	122	150	184
54	136	178	189
88	101	156	239
59	120	135	138
58	78	80	102
71	99	104	123
92	125	162	243
111	134	154	156
189	246	292	303
37	80	92	162
54	63	94	102
123	150	164	178
102	156	162	175
106	122	175	191
84	116	131	183
45	71	135	142
128	175	252	288
75	117	189	227
34	62	94	204
92	136	138	231
252	263	271	283
94	100	122	133
121	255	256	265
152	164	216	228
89	118	256	315
33	63	112	165
34	34	100	221
45	104	173	187
28	134	156	209
115	161	188	189
264	295	315	328
34	62	133	254
122	262	286	291
106	128	182	276
149	204	213	264
33	94	139	195
28	107	154	221
146	152	269	289
77	146	217	240
96	146	201	289
155	228	246	265
189	230	314	325
57	96	177	215
122	126	144	147
122	200	213	282
61	149	173	227
105	181	276	309
62	245	249	253
147	190	236	246
57	146	150	159
112	118	280	281
77	125	141	316
61	116	204	266
62	238	265	277
170	210	216	259
108	119	137	153
107	134	139	164
89	112	255	316
75	97	161	214
125	146	202	317
146	209	243	279
116	120	176	187
121	144	218	230
105	276	286	289
126	151	170	178
81	155	240	243
282	325	327	355
116	173	237	250
40	103	108	178
141	202	217	288
148	150	177	199
210	231	246	256
81	205	211	226
148	159	215	289
107	126	138	156
97	117	162	203
198	247	260	274
98	170	194	231
35	79	138	164
99	138	148	217
86	110	131	156
198	264	329	340
239	288	395	410
78	79	139	211
40	90	132	167
250	255	273	280
88	131	134	159
159	197	247	252
88	116	162	169
53	86	94	107
73	168	193	229
115	182	209	247
35	78	148	157
295	315	327	355
103	110	174	191
15	46	84	169
15	50	90	161
115	168	211	211
98	135	137	186
61	94	126	151
53	61	129	131
73	150	160	211
91	199	312	313
99	138	139	144
40	46	50	123
103	132	132	158
40	84	87	90
99	127	157	169
102	137	172	182
70	118	123	203
67	82	152	161
82	102	151	197
103	141	177	178
153	180	211	224
70	117	152	188
89	190	227	236
122	123	144	190
182	227	295	307
112	133	135	172
91	223	279	280
289	312	328	392
79	141	191	241
34	129	151	178
113	150	193	195
87	123	169	171
102	133	186	198
16	44	167	206
239	274	362	380
34	162	181	184
113	160	229	235
79	219	221	254
89	101	151	224
67	102	124	126
112	198	224	227
127	193	218	250
18	124	152	221
91	139	179	214
16	29	181	194
88	91	99	168
148	280	313	355
64	101	176	185
166	211	262	269
18	126	161	225
122	214	294	295
45	179	182	214
88	138	151	179
